Year     R/G  ERA   IP     H     R   ER   HR   BB  IBB   SO  HBP   BK   WP  WHIP BAbip   H9 HR9 BB9 SO9 SO/W    E
2025     4.45 4.15 8.86  8.26  4.45 4.09 1.16 3.16 0.11 8.36 0.40 0.04 0.29 1.289  .291  8.4 1.2 3.2 8.5 2.64 0.50
2024     4.39 4.07 8.88  8.20  4.39 4.02 1.12 3.07 0.10 8.48 0.42 0.04 0.30 1.270  .291  8.3 1.1 3.1 8.6 2.76 0.53
2023     4.62 4.33 8.87  8.40  4.62 4.26 1.21 3.25 0.10 8.61 0.43 0.04 0.33 1.315  .297  8.5 1.2 3.3 8.7 2.65 0.52
2022     4.28 3.96 8.86  8.16  4.28 3.90 1.07 3.06 0.10 8.40 0.42 0.03 0.33 1.266  .290  8.3 1.1 3.1 8.5 2.75 0.53
2021     4.53 4.26 8.77  8.13  4.53 4.15 1.22 3.25 0.14 8.68 0.43 0.03 0.38 1.297  .292  8.3 1.3 3.3 8.9 2.67 0.54
2020     4.65 4.44 8.61  8.04  4.65 4.25 1.28 3.39 0.11 8.68 0.46 0.04 0.38 1.327  .292  8.4 1.3 3.5 9.1 2.56 0.58
2019     4.83 4.49 8.94  8.65  4.83 4.46 1.39 3.27 0.16 8.81 0.41 0.03 0.37 1.334  .298  8.7 1.4 3.3 8.9 2.69 0.60
2018     4.45 4.14 8.94  8.44  4.45 4.12 1.15 3.23 0.19 8.48 0.40 0.03 0.38 1.304  .296  8.5 1.2 3.2 8.5 2.63 0.57
2017     4.65 4.35 8.90  8.69  4.65 4.30 1.26 3.26 0.20 8.25 0.36 0.03 0.37 1.342  .300  8.8 1.3 3.3 8.3 2.53 0.58
2016     4.48 4.18 8.92  8.71  4.48 4.14 1.16 3.11 0.19 8.03 0.34 0.03 0.37 1.325  .300  8.8 1.2 3.1 8.1 2.58 0.58
2015     4.25 3.95 8.94  8.67  4.25 3.93 1.01 2.90 0.20 7.71 0.33 0.03 0.36 1.294  .299  8.7 1.0 2.9 7.8 2.66 0.58
2014     4.07 3.74 8.97  8.56  4.07 3.73 0.86 2.88 0.20 7.70 0.34 0.03 0.35 1.275  .299  8.6 0.9 2.9 7.7 2.67 0.60
2013     4.17 3.86 8.98  8.66  4.17 3.85 0.96 3.01 0.21 7.55 0.32 0.03 0.36 1.300  .297  8.7 1.0 3.0 7.6 2.51 0.56
2012     4.32 4.01 8.92  8.65  4.32 3.97 1.02 3.03 0.22 7.50 0.31 0.03 0.32 1.309  .297  8.7 1.0 3.1 7.6 2.48 0.62
2011     4.28 3.94 8.96  8.70  4.28 3.92 0.94 3.09 0.25 7.10 0.32 0.03 0.32 1.316  .295  8.7 0.9 3.1 7.1 2.30 0.63
2010     4.38 4.07 8.91  8.76  4.38 4.03 0.95 3.25 0.25 7.06 0.32 0.04 0.34 1.347  .297  8.8 1.0 3.3 7.1 2.17 0.62
2009     4.61 4.31 8.90  8.96  4.61 4.27 1.04 3.42 0.24 6.91 0.33 0.03 0.33 1.390  .299  9.1 1.0 3.5 7.0 2.02 0.59
2008     4.65 4.32 8.93  9.06  4.65 4.28 1.00 3.36 0.27 6.77 0.34 0.03 0.32 1.391  .300  9.1 1.0 3.4 6.8 2.01 0.61
2007     4.80 4.46 8.93  9.25  4.80 4.43 1.02 3.31 0.27 6.62 0.36 0.03 0.31 1.406  .303  9.3 1.0 3.3 6.7 2.00 0.61
2006     4.86 4.52 8.90  9.28  4.86 4.47 1.11 3.26 0.29 6.52 0.37 0.03 0.31 1.408  .301  9.4 1.1 3.3 6.6 2.00 0.63
2005     4.59 4.28 8.89  9.05  4.59 4.23 1.03 3.13 0.25 6.30 0.37 0.03 0.30 1.369  .295  9.2 1.0 3.2 6.4 2.02 0.63
2004     4.81 4.46 8.94  9.17  4.81 4.42 1.12 3.34 0.28 6.55 0.38 0.03 0.30 1.400  .297  9.2 1.1 3.4 6.6 1.96 0.65
2003     4.73 4.39 8.92  9.07  4.73 4.35 1.07 3.27 0.27 6.34 0.38 0.03 0.32 1.383  .294  9.1 1.1 3.3 6.4 1.94 0.65
2002     4.62 4.27 8.92  8.92  4.62 4.23 1.04 3.35 0.30 6.47 0.36 0.03 0.31 1.376  .293  9.0 1.1 3.4 6.5 1.93 0.66
2001     4.78 4.41 8.91  9.03  4.78 4.37 1.12 3.25 0.28 6.67 0.39 0.03 0.31 1.379  .296  9.1 1.1 3.3 6.7 2.05 0.69
2000     5.14 4.76 8.90  9.31  5.14 4.71 1.17 3.75 0.25 6.45 0.32 0.03 0.31 1.468  .300  9.4 1.2 3.8 6.5 1.72 0.71
1999     5.08 4.70 8.90  9.33  5.08 4.64 1.14 3.68 0.23 6.41 0.33 0.04 0.34 1.463  .302  9.4 1.2 3.7 6.5 1.74 0.72
1998     4.79 4.42 8.93  9.15  4.79 4.39 1.04 3.38 0.22 6.56 0.33 0.04 0.33 1.403  .300  9.2 1.0 3.4 6.6 1.94 0.71
1997     4.77 4.38 8.93  9.15  4.77 4.35 1.02 3.46 0.26 6.61 0.32 0.04 0.33 1.412  .301  9.2 1.0 3.5 6.7 1.91 0.71
1996     5.04 4.60 8.95  9.33  5.04 4.57 1.09 3.55 0.30 6.46 0.31 0.04 0.34 1.440  .301  9.4 1.1 3.6 6.5 1.82 0.74
1995     4.85 4.45 8.93  9.17  4.85 4.41 1.01 3.53 0.27 6.30 0.30 0.05 0.35 1.421  .298  9.2 1.0 3.6 6.4 1.79 0.72
1994     4.92 4.50 8.93  9.29  4.92 4.47 1.03 3.48 0.32 6.18 0.27 0.05 0.36 1.430  .300  9.4 1.0 3.5 6.2 1.78 0.74
1993     4.60 4.18 8.93  9.05  4.60 4.15 0.89 3.33 0.33 5.80 0.26 0.07 0.32 1.387  .294  9.1 0.9 3.4 5.8 1.74 0.77
1992     4.12 3.74 8.98  8.68  4.12 3.73 0.72 3.25 0.31 5.59 0.23 0.05 0.31 1.328  .285  8.7 0.7 3.3 5.6 1.72 0.73
1991     4.31 3.91 8.98  8.69  4.31 3.89 0.80 3.32 0.29 5.80 0.22 0.06 0.33 1.338  .285  8.7 0.8 3.3 5.8 1.74 0.74
1990     4.26 3.85 8.92  8.75  4.26 3.82 0.79 3.29 0.33 5.67 0.20 0.07 0.32 1.349  .287  8.8 0.8 3.3 5.7 1.72 0.76
1989     4.13 3.70 8.95  8.62  4.13 3.68 0.73 3.21 0.34 5.61 0.19 0.10 0.31 1.321  .283  8.7 0.7 3.2 5.6 1.75 0.80
1988     4.14 3.72 8.97  8.63  4.14 3.71 0.76 3.09 0.33 5.56 0.22 0.22 0.30 1.307  .282  8.7 0.8 3.1 5.6 1.80 0.77
1987     4.72 4.28 8.93  9.00  4.72 4.25 1.06 3.42 0.31 5.96 0.20 0.08 0.32 1.391  .289  9.1 1.1 3.4 6.0 1.74 0.78
1986     4.41 3.96 8.96  8.77  4.41 3.94 0.91 3.38 0.31 5.87 0.19 0.07 0.31 1.357  .286  8.8 0.9 3.4 5.9 1.74 0.82
1985     4.33 3.89 8.95  8.74  4.33 3.87 0.86 3.29 0.32 5.34 0.17 0.05 0.27 1.344  .281  8.8 0.9 3.3 5.4 1.62 0.81
1984     4.26 3.81 8.96  8.88  4.26 3.79 0.77 3.16 0.30 5.34 0.16 0.07 0.27 1.345  .286  8.9 0.8 3.2 5.4 1.69 0.84
1983     4.31 3.86 8.95  8.88  4.31 3.84 0.78 3.20 0.33 5.15 0.17 0.06 0.26 1.350  .285  8.9 0.8 3.2 5.2 1.61 0.83
1982     4.30 3.85 8.99  8.93  4.30 3.85 0.80 3.16 0.31 5.04 0.16 0.06 0.26 1.345  .284  8.9 0.8 3.2 5.0 1.60 0.82
1981     4.00 3.58 9.00  8.66  4.00 3.58 0.64 3.18 0.32 4.75 0.17 0.06 0.26 1.316  .279  8.7 0.6 3.2 4.7 1.49 0.83
1980     4.29 3.83 8.99  9.06  4.29 3.83 0.73 3.13 0.34 4.80 0.16 0.06 0.24 1.356  .287  9.1 0.7 3.1 4.8 1.53 0.86
1979     4.46 3.99 8.93  9.04  4.46 3.96 0.82 3.24 0.33 4.77 0.18 0.04 0.27 1.374  .286  9.1 0.8 3.3 4.8 1.47 0.87
1978     4.10 3.68 8.92  8.68  4.10 3.64 0.70 3.23 0.32 4.77 0.18 0.06 0.25 1.335  .280  8.8 0.7 3.3 4.8 1.48 0.86
1977     4.47 3.99 8.97  9.04  4.47 3.98 0.87 3.27 0.31 5.16 0.19 0.06 0.28 1.372  .287  9.1 0.9 3.3 5.2 1.58 0.88
1976     3.99 3.51 9.01  8.66  3.99 3.51 0.58 3.20 0.30 4.83 0.18 0.05 0.27 1.317  .281  8.7 0.6 3.2 4.8 1.51 0.89
1975     4.21 3.70 8.98  8.75  4.21 3.69 0.70 3.46 0.35 4.98 0.20 0.05 0.30 1.361  .282  8.8 0.7 3.5 5.0 1.44 0.96
1974     4.12 3.62 8.98  8.73  4.12 3.61 0.68 3.33 0.35 5.01 0.20 0.05 0.28 1.343  .282  8.7 0.7 3.3 5.0 1.50 0.92
1973     4.21 3.74 8.98  8.75  4.21 3.73 0.80 3.37 0.35 5.24 0.19 0.02 0.31 1.351  .281  8.8 0.8 3.4 5.3 1.55 0.89
1972     3.69 3.26 9.00  8.19  3.69 3.26 0.68 3.15 0.37 5.57 0.20 0.02 0.29 1.260  .272  8.2 0.7 3.2 5.6 1.77 0.85
1971     3.89 3.46 8.97  8.40  3.89 3.45 0.74 3.23 0.36 5.41 0.21 0.03 0.29 1.297  .276  8.4 0.7 3.2 5.4 1.67 0.81
1970     4.34 3.88 8.97  8.63  4.34 3.86 0.88 3.53 0.38 5.75 0.21 0.03 0.32 1.356  .281  8.7 0.9 3.5 5.8 1.63 0.86
1969     4.07 3.61 8.96  8.37  4.07 3.59 0.80 3.45 0.37 5.77 0.23 0.03 0.33 1.319  .276  8.4 0.8 3.5 5.8 1.67 0.88
1968     3.42 2.98 8.99  7.91  3.42 2.98 0.61 2.82 0.38 5.89 0.24 0.03 0.31 1.193  .269  7.9 0.6 2.8 5.9 2.09 0.85
1967     3.77 3.30 9.01  8.17  3.77 3.31 0.71 2.98 0.40 5.99 0.23 0.03 0.30 1.238  .274  8.2 0.7 3.0 6.0 2.01 0.84
1966     3.99 3.52 8.99  8.42  3.99 3.52 0.85 2.89 0.34 5.82 0.21 0.03 0.32 1.258  .276  8.4 0.8 2.9 5.8 2.02 0.89
1965     3.99 3.50 8.99  8.30  3.99 3.50 0.83 3.09 0.35 5.94 0.22 0.02 0.32 1.267  .274  8.3 0.8 3.1 5.9 1.92 0.88
1964     4.04 3.58 8.96  8.51  4.04 3.56 0.85 2.96 0.31 5.91 0.21 0.02 0.30 1.280  .279  8.5 0.9 3.0 5.9 2.00 0.88
1963     3.95 3.46 8.99  8.35  3.95 3.45 0.84 2.96 0.29 5.80 0.22 0.06 0.28 1.259  .273  8.4 0.8 3.0 5.8 1.96 0.90
1962     4.46 3.96 8.95  8.80  4.46 3.93 0.93 3.37 0.25 5.42 0.22 0.03 0.29 1.360  .281  8.8 0.9 3.4 5.5 1.61 0.90
1961     4.53 4.03 8.90  8.76  4.53 3.98 0.95 3.46 0.26 5.23 0.20 0.02 0.27 1.374  .279  8.9 1.0 3.5 5.3 1.51 0.93
1960     4.31 3.82 8.98  8.67  4.31 3.81 0.86 3.39 0.30 5.18 0.20 0.02 0.24 1.343  .277  8.7 0.9 3.4 5.2 1.53 0.88
1959     4.38 3.90 8.93  8.74  4.38 3.87 0.91 3.31 0.29 5.09 0.20 0.02 0.22 1.349  .277  8.8 0.9 3.3 5.1 1.54 0.90
1958     4.28 3.86 8.93  8.75  4.28 3.83 0.91 3.29 0.28 4.95 0.20 0.03 0.21 1.349  .277  8.8 0.9 3.3 5.0 1.50 0.84
1957     4.31 3.83 9.05  8.85  4.31 3.85 0.89 3.31 0.30 4.84 0.21 0.02 0.19 1.344  .275  8.8 0.9 3.3 4.8 1.46 0.86
1956     4.45 3.96 8.92  8.74  4.45 3.93 0.93 3.63 0.32 4.64 0.19 0.02 0.20 1.387  .274  8.8 0.9 3.7 4.7 1.28 0.91
1955     4.49 4.00 8.92  8.76  4.49 3.96 0.90 3.67 0.30 4.39 0.21 0.01 0.19 1.393  .272  8.8 0.9 3.7 4.4 1.20 0.90
1954     4.38 3.90 8.95  8.86  4.38 3.88 0.78 3.65 0.31 4.13 0.18 0.02 0.16 1.398  .275  8.9 0.8 3.7 4.2 1.13 0.92
1953     4.61 4.14 8.88  9.06  4.61 4.09 0.84 3.50 0.23 4.12 0.20 0.02 0.19 1.414  .280  9.2 0.8 3.5 4.2 1.18 0.91
1952     4.18 3.70 8.96  8.58  4.18 3.69 0.69 3.55 0.28 4.19 0.19 0.02 0.16 1.353  .271  8.6 0.7 3.6 4.2 1.18 0.92
1951     4.55 4.04 8.96  8.96  4.55 4.02 0.75 3.74 0.21 3.77 0.18 0.03 0.18 1.416  .275  9.0 0.8 3.8 3.8 1.01 0.97
1950     4.85 4.36 8.87  9.11  4.85 4.30 0.84 4.02 0.22 3.86 0.18 0.05 0.17 1.480  .280  9.2 0.8 4.1 3.9 0.96 0.95
1949     4.61 4.12 8.89  8.93  4.61 4.07 0.69 4.04 0.21 3.61 0.15 0.02 0.18 1.459  .278  9.0 0.7 4.1 3.7 0.89 0.92
1948     4.63 4.09 8.81  8.96  4.63 4.00 0.58 3.79 0.23 3.83 0.16 0.02 0.17 1.447  .277  9.2 0.6 3.9 3.9 1.01 1.07
1947     4.50 3.95 8.80  8.89  4.50 3.86 0.58 3.64 0.31 3.85 0.15 0.02 0.16 1.424  .275  9.1 0.6 3.7 3.9 1.06 1.03
1946     4.17 3.59 8.85  8.70  4.17 3.53 0.46 3.49 0.26 4.00 0.14 0.01 0.13 1.378  .274  8.8 0.5 3.6 4.1 1.14 1.14
1945     4.29 3.65 8.89  8.95  4.29 3.61 0.39 3.32 0.28 3.49 0.15 0.02 0.14 1.380  .275  9.1 0.4 3.4 3.5 1.05 1.20
1944     4.25 3.58 8.94  8.98  4.25 3.55 0.39 3.13 0.26 3.44 0.15 0.02 0.15 1.355  .276  9.0 0.4 3.2 3.5 1.10 1.22
1943     4.11 3.51 8.95  8.72  4.11 3.49 0.34 3.32 0.20 3.60 0.14 0.02 0.14 1.345  .271  8.8 0.3 3.3 3.6 1.08 1.20
1942     4.17 3.54 8.89  8.60  4.17 3.49 0.37 3.34 0.22 3.54 0.14 0.02 0.15 1.344  .266  8.7 0.4 3.4 3.6 1.06 0.94
1941     4.53 3.92 8.83  8.96  4.53 3.85 0.51 3.47 0.25 3.70 0.14 0.01 0.18 1.408  .275  9.1 0.5 3.5 3.8 1.07 1.19
1940     4.77 4.21 8.80  9.20  4.77 4.12 0.59 3.36 0.23 3.80 0.16 0.02 0.17 1.427  .280  9.4 0.6 3.4 3.9 1.13 1.23
1939     4.86 4.27 8.81  9.39  4.86 4.18 0.51 3.37 0.21 3.56 0.15 0.02 0.16 1.449  .287  9.6 0.5 3.4 3.6 1.06 1.00
1938     4.96 4.30 8.77  9.40  4.96 4.19 0.57 3.45 0.20 3.62 0.15 0.02 0.16 1.464  .284  9.6 0.6 3.5 3.7 1.05 1.23
1937     4.99 4.34 8.77  9.53  4.99 4.23 0.55 3.32 0.20 3.81 0.14 0.01 0.15 1.465  .291  9.8 0.6 3.4 3.9 1.15 1.24
1936     5.24 4.56 8.86  9.99  5.24 4.49 0.55 3.38 0.20 3.43 0.17 0.01 0.20 1.509  .298 10.1 0.6 3.4 3.5 1.01 1.23
1935     5.04 4.34 8.86  9.80  5.04 4.28 0.54 3.20 0.18 3.40 0.16 0.01 0.16 1.467  .293 10.0 0.5 3.2 3.4 1.06 1.24
1934     4.89 4.26 8.82  9.69  4.89 4.18 0.52 3.16 0.17 3.57 0.14 0.01 0.16 1.456  .294  9.9 0.5 3.2 3.6 1.13 1.16
1933     4.55 3.85 8.90  9.35  4.55 3.81 0.43 2.94 0.13 3.19 0.16 0.01 0.15 1.381  .283  9.5 0.4 3.0 3.2 1.09 1.19
1932     4.88 4.12 8.88  9.59  4.88 4.06 0.47 2.97 0.12 3.33 0.16 0.01 0.13 1.414  .286  9.7 0.5 3.0 3.4 1.12 1.12
1931     4.84 4.13 8.87  9.68  4.84 4.07 0.43 3.11 0.14 3.29 0.16 0.02 0.14 1.442  .293  9.8 0.4 3.2 3.3 1.06 1.26
1930     5.51 4.80 8.81 10.18  5.51 4.70 0.51 3.04 0.09 3.38 0.16 0.01 0.14 1.501  .303 10.4 0.5 3.1 3.5 1.11 1.00
1929     5.31 4.54 8.78  9.91  5.31 4.43 0.46 3.22 0.10 3.08 0.18 0.01 0.13 1.494  .296 10.2 0.5 3.3 3.2 0.96 1.11
1928     4.83 4.07 8.86  9.59  4.83 4.01 0.44 2.98 0.10 3.08 0.23 0.01 0.11 1.418  .290  9.7 0.5 3.0 3.1 1.03 1.35
1927     4.84 4.02 8.83  9.57  4.84 3.94 0.32      2.98 3.04 0.21 0.01 0.13 1.422  .290  9.8 0.3 3.0 3.1 1.02 1.13
1926     4.83 4.07 8.79  9.42  4.83 3.97 0.39      3.15 3.06 0.25 0.02 0.12 1.429  .289  9.6 0.4 3.2 3.1 0.97 1.44
1925     5.24 4.56 8.83  9.94  5.24 4.47 0.33      3.09 2.96 0.19 0.01 0.13 1.475  .294 10.1 0.3 3.2 3.0 0.96 0.94
1924     4.90 4.10 8.84  9.68  4.90 4.03 0.31      2.90 3.06 0.25 0.02 0.13 1.424  .292  9.9 0.3 3.0 3.1 1.05 1.20
1923     4.99 4.05 8.88  9.73  4.99 4.00 0.41      3.01 3.04 0.25 0.01 0.14 1.435  .293  9.9 0.4 3.1 3.1 1.01 1.38
1922     4.99 4.15 8.89  9.84  4.99 4.10 0.42      2.90 3.07 0.26 0.02 0.15 1.433  .297 10.0 0.4 2.9 3.1 1.06 1.42
1921     4.88 3.99 8.90  9.79  4.88 3.95 0.36      2.76 3.10 0.27 0.02 0.13 1.410  .298  9.9 0.4 2.8 3.1 1.12 1.56
1920     4.40 3.47 8.99  9.26  4.40 3.46 0.24      2.82 3.16 0.24 0.02 0.16 1.344  .288  9.3 0.2 2.8 3.2 1.12 1.52
1919     3.87 3.07 8.99  8.77  3.87 3.06 0.20      2.67 3.07 0.24 0.02 0.17 1.272  .285  8.8 0.2 2.7 3.1 1.15 1.42
1918     3.63 2.77 9.05  8.40  3.63 2.78 0.12      2.82 2.89 0.23 0.01 0.15 1.239  .276  8.3 0.1 2.8 2.9 1.03 1.51
1917     3.58 2.68 9.02  8.16  3.58 2.69 0.13      2.76 3.46 0.23 0.02 0.17 1.210  .275  8.1 0.1 2.8 3.5 1.25 1.50
1916     3.56 2.72 9.03  8.14  3.56 2.73 0.15      2.84 3.82 0.25 0.02 0.20 1.217  .276  8.1 0.2 2.8 3.8 1.34 1.52
1915     3.81 2.90 8.94  8.17  3.81 2.88 0.17      2.98 3.79 0.27 0.02 0.20 1.248  .279  8.2 0.2 3.0 3.8 1.27 1.58
1914     3.87 2.91 8.92  8.28  3.87 2.88 0.19      2.97 3.98 0.27 0.01 0.21 1.261  .284  8.4 0.2 3.0 4.0 1.34 1.71
1913     4.04 3.07 8.94  8.52  4.04 3.05 0.19      2.97 3.83 0.28 0.02 0.21 1.285  .288  8.6 0.2 3.0 3.9 1.29 1.64
1912     4.52 3.37 8.88  8.92  4.52 3.32 0.18      3.11 3.97 0.29 0.02 0.23 1.355  .300  9.0 0.2 3.2 4.0 1.28 1.81
1911     4.51 3.36 8.91  8.85  4.51 3.33 0.21      3.20 4.00 0.34 0.02 0.22 1.352  .298  8.9 0.2 3.2 4.0 1.25 1.83
1910     3.84 2.77 8.96  8.14  3.84 2.76 0.14      3.00 3.88 0.32 0.01 0.22 1.243  .279  8.2 0.1 3.0 3.9 1.30 1.78
1909     3.55 2.53 8.95  7.91  3.55 2.52 0.10      2.68 3.77 0.31 0.02 0.23 1.184  .273  8.0 0.1 2.7 3.8 1.40 1.81
1908     3.38 2.37 8.97  7.73  3.38 2.36 0.11      2.46 3.66 0.31 0.01 0.19 1.137  .267  7.8 0.1 2.5 3.7 1.49 1.70
1907     3.53 2.50 8.85  7.97  3.53 2.46 0.10      2.56 3.53 0.31 0.01 0.19 1.190  .273  8.1 0.1 2.6 3.6 1.38 1.72
1906     3.62 2.66 8.85  8.03  3.62 2.61 0.11      2.55 3.71 0.31 0.01 0.19 1.196  .276  8.2 0.1 2.6 3.8 1.45 1.73
1905     3.90 2.82 8.88  8.17  3.90 2.78 0.14      2.54 3.87 0.34 0.01 0.22 1.205  .277  8.3 0.1 2.6 3.9 1.53 1.83
1904     3.73 2.66 8.81  8.16  3.73 2.61 0.13      2.30 3.73 0.32 0.02 0.20 1.186  .275  8.3 0.1 2.3 3.8 1.62 1.88
1903     4.44 3.11 8.82  8.87  4.44 3.05 0.15      2.44 3.58 0.34 0.01 0.20 1.284  .289  9.1 0.2 2.5 3.6 1.46 2.10
1902     4.44 3.17 8.85  9.13  4.44 3.12 0.16      2.44 2.98 0.35 0.01 0.18 1.307  .289  9.3 0.2 2.5 3.0 1.22 2.13
1901     4.99 3.49 8.81  9.45  4.99 3.41 0.21      2.46 3.15 0.39 0.01 0.21 1.352  .294  9.7 0.2 2.5 3.2 1.28 2.40
1900     5.22 3.69 8.73  9.62  5.22 3.58 0.22      2.67 2.37 0.47 0.01 0.19 1.408  .295  9.9 0.2 2.8 2.4 0.89 2.43
1899     5.25 3.85 8.63  9.63  5.25 3.69 0.19      2.70 2.10 0.49 0.03 0.20 1.430  .297 10.0 0.2 2.8 2.2 0.78 2.42
1898     4.96 3.60 8.67  9.21  4.96 3.47 0.16      2.77 2.31 0.48 0.01 0.21 1.382  .286  9.6 0.2 2.9 2.4 0.83 2.38
1897     5.91 4.30 8.68 10.24  5.91 4.15 0.23      2.93 2.31 0.46 0.00 0.25 1.518  .307 10.6 0.2 3.0 2.4 0.79 2.50
1896     6.04 4.36 8.69 10.19  6.04 4.21 0.26      3.06 2.22 0.40 0.00 0.26 1.526  .305 10.6 0.3 3.2 2.3 0.73 2.58
1895     6.60 4.77 8.66 10.56  6.60 4.59 0.31      3.21 2.27 0.42 0.00 0.25 1.590  .310 11.0 0.3 3.3 2.4 0.71 2.90
1894     7.39 5.33 8.67 11.16  7.39 5.13 0.39      3.68 2.09 0.38 0.00 0.31 1.712  .320 11.6 0.4 3.8 2.2 0.57 3.04
1893     6.57 4.66 8.83 10.14  6.57 4.57 0.29      3.91 2.13 0.41 0.00 0.33 1.591  .291 10.3 0.3 4.0 2.2 0.54 2.92
1892     5.11 3.28 8.77  8.52  5.11 3.20 0.23      3.36 3.26 0.31 0.00 0.33 1.355  .265  8.7 0.2 3.5 3.3 0.97 3.04
1891     5.70 3.53 8.78  8.89  5.70 3.44 0.26      3.63 3.45 0.44 0.00 0.46 1.426  .275  9.1 0.3 3.7 3.5 0.95 3.18
1890     6.02 3.88 8.75  9.15  6.02 3.78 0.24      3.64 3.40 0.42 0.01 0.50 1.461  .271  9.4 0.2 3.7 3.5 0.93 3.32
1889     5.97 3.93 8.74  9.24  5.97 3.82 0.31      3.36 3.53 0.36 0.00 0.52 1.442  .286  9.5 0.3 3.5 3.6 1.05 3.43
1888     4.88 2.95 8.84  8.26  4.88 2.89 0.24      2.17 3.78 0.38 0.00 0.61 1.180  .262  8.4 0.2 2.2 3.8 1.74 3.45
1887     6.35 4.17 8.70  9.58  6.35 4.03 0.29      2.87 2.80 0.36 0.00 0.61 1.430  .288  9.9 0.3 3.0 2.9 0.98 3.82
1886     5.49 3.37 8.71  8.57  5.49 3.26 0.20      2.66 4.31 0.15 0.00 0.70 1.288  .257  8.8 0.2 2.7 4.5 1.62 3.78
1885     5.22 3.03 8.83  8.60  5.22 2.98 0.18      1.98 3.77 0.19 0.02 0.68 1.198  .254  8.8 0.2 2.0 3.8 1.90 3.94
1884     5.45 3.11 8.77  8.65  5.45 3.03 0.22      1.61 4.83 0.15 0.00 0.71 1.170  .248  8.9 0.2 1.7 5.0 3.00 4.73
1883     5.75 3.22 8.84  9.44  5.75 3.16 0.15      1.48      3.37 0.00 0.50 1.236  .267  9.6 0.2 1.5 3.4 2.27 4.88
1882     5.33 2.80 8.89  9.05  5.33 2.77 0.16      1.39      2.93 0.00 0.52 1.175  .258  9.2 0.2 1.4 3.0 2.10 4.76
1881     5.10 2.77 8.91  9.42  5.10 2.75 0.11      1.54      2.65 0.01 0.51 1.230  .278  9.5 0.1 1.6 2.7 1.72 4.14
1880     4.69 2.37 8.87  8.74  4.69 2.34 0.09      1.09      2.92 0.00 0.43 1.108  .264  8.9 0.1 1.1 3.0 2.69 4.34
1879     5.31 2.50 9.03  9.61  5.31 2.50 0.09      0.79      2.87 0.00 0.57 1.152  .275  9.6 0.1 0.8 2.9 3.63 4.87
1878     5.17 2.30 9.03  9.61  5.17 2.31 0.06      0.99      2.94 0.00 0.64 1.174  .280  9.6 0.1 1.0 2.9 2.97 4.83
1877     5.67 2.81 9.00 10.29  5.67 2.81 0.07      0.96      2.02 0.00 0.56 1.250  .285 10.3 0.1 1.0 2.0 2.10 5.16
1876     5.90 2.31 9.11 10.27  5.90 2.34 0.08      0.65      1.13 0.00 0.36 1.197  .272 10.1 0.1 0.6 1.1 1.75 6.01
1875     6.14 2.23 8.97  9.87  6.14 2.22 0.06      0.36      0.98 0.01 0.48 1.141  .259  9.9 0.1 0.4 1.0 2.71 6.96
1874     7.48 2.19 8.99 11.26  7.48 2.19 0.09      0.51      0.77 0.00 0.27 1.310  .277 11.3 0.1 0.5 0.8 1.50 8.14
1873     8.99 3.40 9.01 12.38  8.99 3.40 0.12      0.84      0.70 0.00 0.31 1.468  .293 12.4 0.1 0.8 0.7 0.83 8.02
1872     9.26 3.65 8.98 12.20  9.26 3.64 0.10      0.72      0.72 0.01 0.55 1.439  .288 12.2 0.1 0.7 0.7 1.01 7.50
1871    10.47 4.22 8.86 12.21 10.47 4.15 0.19      1.55      0.69 0.01 0.82 1.553  .288 12.4 0.2 1.6 0.7 0.45 7.61